date,day_type,exception_type,holiday,period,service_id
20240101,3,1,1,2,26_1V0AN
20240102,1,1,0,2,4_1V0AN
20240103,1,1,0,1,1_1V0AN
20240104,1,1,0,1,1_1V0AN
20240105,1,1,0,1,1_1V0AN
20240106,2,1,0,1,2_1V0AN
20240107,3,1,0,1,3_1V0AN
20240108,1,1,0,1,1_1V0AN
20240109,1,1,0,1,1_1V0AN
20240110,1,1,0,1,1_1V0AN
20240111,1,1,0,1,1_1V0AN
20240112,1,1,0,1,1_1V0AN
20240113,2,1,0,1,2_1V0AN
20240114,3,1,0,1,3_1V0AN
20240115,1,1,0,1,1_1V0AN
20240116,1,1,0,1,1_1V0AN
20240117,1,1,0,1,1_1V0AN
20240118,1,1,0,1,1_1V0AN
20240119,1,1,0,1,1_1V0AN
20240120,2,1,0,1,2_1V0AN
20240121,3,1,0,1,3_1V0AN
20240122,1,1,0,1,1_1V0AN
20240123,1,1,0,1,1_1V0AN
20240124,1,1,0,1,1_1V0AN
20240125,1,1,0,1,1_1V0AN
20240126,1,1,0,1,1_1V0AN
20240127,2,1,0,1,2_1V0AN
20240128,3,1,0,1,3_1V0AN
20240129,1,1,0,1,1_1V0AN
20240130,1,1,0,1,1_1V0AN
20240131,1,1,0,1,1_1V0AN
20240201,1,1,0,1,1_1V0AN
20240202,1,1,0,1,1_1V0AN
20240203,2,1,0,1,2_1V0AN
20240204,3,1,0,1,3_1V0AN
20240205,1,1,0,1,1_1V0AN
20240206,1,1,0,1,1_1V0AN
20240207,1,1,0,1,1_1V0AN
20240208,1,1,0,1,1_1V0AN
20240209,1,1,0,1,1_1V0AN
20240210,2,1,0,1,2_1V0AN
20240211,3,1,0,1,3_1V0AN
20240212,1,1,0,2,4_1V0AN
20240213,1,1,0,2,5_1V0AN
20240214,1,1,0,2,4_1V0AN
20240215,1,1,0,1,1_1V0AN
20240216,1,1,0,1,1_1V0AN
20240217,2,1,0,1,2_1V0AN
20240217,2,1,0,1,12_1V0AN
20240218,3,1,0,1,13_1V0AN
20240218,3,1,0,1,3_1V0AN
20240219,1,1,0,1,1_1V0AN
20240220,1,1,0,1,1_1V0AN
20240221,1,1,0,1,1_1V0AN
20240222,1,1,0,1,1_1V0AN
20240223,1,1,0,1,1_1V0AN
20240224,2,1,0,1,2_1V0AN
20240224,2,1,0,1,12_1V0AN
20240225,3,1,0,1,13_1V0AN
20240225,3,1,0,1,3_1V0AN
20240226,1,1,0,1,1_1V0AN
20240227,1,1,0,1,1_1V0AN
20240228,1,1,0,1,1_1V0AN
20240229,1,1,0,1,1_1V0AN
20240301,1,1,0,1,1_1V0AN
20240301,1,1,0,1,11_1V0AN
20240302,2,1,0,1,12_1V0AN
20240302,2,1,0,1,2_1V0AN
20240303,3,1,0,1,3_1V0AN
20240303,3,1,0,1,13_1V0AN
20240304,1,1,0,1,11_1V0AN
20240304,1,1,0,1,1_1V0AN
20240305,1,1,0,1,1_1V0AN
20240305,1,1,0,1,11_1V0AN
20240306,1,1,0,1,11_1V0AN
20240306,1,1,0,1,1_1V0AN
20240307,1,1,0,1,1_1V0AN
20240307,1,1,0,1,11_1V0AN
20240308,1,1,0,1,11_1V0AN
20240308,1,1,0,1,1_1V0AN
20240309,2,1,0,1,2_1V0AN
20240310,3,1,0,1,3_1V0AN
20240311,1,1,0,1,1_1V0AN
20240311,1,1,0,1,91_1V0AN
20240312,1,1,0,1,91_1V0AN
20240312,1,1,0,1,1_1V0AN
20240313,1,1,0,1,1_1V0AN
20240313,1,1,0,1,91_1V0AN
20240314,1,1,0,1,91_1V0AN
20240314,1,1,0,1,1_1V0AN
20240315,1,1,0,1,1_1V0AN
20240315,1,1,0,1,91_1V0AN
20240316,2,1,0,1,92_1V0AN
20240316,2,1,0,1,2_1V0AN
20240317,3,1,0,1,3_1V0AN
20240317,3,1,0,1,93_1V0AN
20240318,1,1,0,1,91_1V0AN
20240318,1,1,0,1,1_1V0AN
20240319,1,1,0,1,1_1V0AN
20240319,1,1,0,1,91_1V0AN
20240320,1,1,0,1,91_1V0AN
20240320,1,1,0,1,1_1V0AN
20240321,1,1,0,1,1_1V0AN
20240321,1,1,0,1,91_1V0AN
20240322,1,1,0,1,91_1V0AN
20240322,1,1,0,1,1_1V0AN
20240323,2,1,0,1,2_1V0AN
20240323,2,1,0,1,92_1V0AN
20240324,3,1,0,1,93_1V0AN
20240324,3,1,0,1,3_1V0AN
20240325,1,1,0,1,1_1V0AN
20240325,1,1,0,1,91_1V0AN
20240326,1,1,0,1,91_1V0AN
20240326,1,1,0,1,1_1V0AN
20240327,1,1,0,1,1_1V0AN
20240327,1,1,0,1,91_1V0AN
20240328,1,1,0,2,94_1V0AN
20240328,1,1,0,2,4_1V0AN
20240329,3,1,1,2,6_1V0AN
20240330,2,1,0,2,5_1V0AN
20240331,3,1,1,2,6_1V0AN
20240401,1,1,0,2,4_1V0AN
20240401,1,1,0,2,94_1V0AN
20240402,1,1,0,2,94_1V0AN
20240402,1,1,0,2,4_1V0AN
20240403,1,1,0,1,1_1V0AN
20240403,1,1,0,1,91_1V0AN
20240404,1,1,0,1,91_1V0AN
20240404,1,1,0,1,1_1V0AN
20240405,1,1,0,1,1_1V0AN
20240405,1,1,0,1,91_1V0AN
20240406,2,1,0,1,92_1V0AN
20240406,2,1,0,1,2_1V0AN
20240407,3,1,0,1,3_1V0AN
20240407,3,1,0,1,93_1V0AN
20240408,1,1,0,1,91_1V0AN
20240408,1,1,0,1,1_1V0AN
20240409,1,1,0,1,1_1V0AN
20240409,1,1,0,1,91_1V0AN
20240410,1,1,0,1,91_1V0AN
20240410,1,1,0,1,1_1V0AN
20240411,1,1,0,1,1_1V0AN
20240411,1,1,0,1,91_1V0AN
20240412,1,1,0,1,91_1V0AN
20240412,1,1,0,1,1_1V0AN
20240413,2,1,0,1,2_1V0AN
20240413,2,1,0,1,92_1V0AN
20240414,3,1,0,1,93_1V0AN
20240414,3,1,0,1,3_1V0AN
20240415,1,1,0,1,1_1V0AN
20240415,1,1,0,1,91_1V0AN
20240416,1,1,0,1,91_1V0AN
20240416,1,1,0,1,1_1V0AN
20240417,1,1,0,1,1_1V0AN
20240417,1,1,0,1,91_1V0AN
20240418,1,1,0,1,91_1V0AN
20240418,1,1,0,1,1_1V0AN
20240419,1,1,0,1,1_1V0AN
20240419,1,1,0,1,91_1V0AN
20240420,2,1,0,1,92_1V0AN
20240420,2,1,0,1,2_1V0AN
20240421,3,1,0,1,3_1V0AN
20240421,3,1,0,1,93_1V0AN
20240422,1,1,0,1,91_1V0AN
20240422,1,1,0,1,1_1V0AN
20240423,1,1,0,1,1_1V0AN
20240423,1,1,0,1,91_1V0AN
20240424,1,1,0,1,91_1V0AN
20240424,1,1,0,1,1_1V0AN
20240425,3,1,1,1,3_1V0AN
20240425,3,1,1,1,93_1V0AN
20240426,1,1,0,1,91_1V0AN
20240426,1,1,0,1,1_1V0AN
20240427,2,1,0,1,2_1V0AN
20240427,2,1,0,1,92_1V0AN
20240428,3,1,0,1,93_1V0AN
20240428,3,1,0,1,3_1V0AN
20240429,1,1,0,1,1_1V0AN
20240429,1,1,0,1,91_1V0AN
20240430,1,1,0,1,91_1V0AN
20240430,1,1,0,1,1_1V0AN
20240501,3,1,1,1,3_1V0AN
20240501,3,1,1,1,97_1V0AN
20240502,1,1,0,1,97_1V0AN
20240502,1,1,0,1,1_1V0AN
20240503,1,1,0,1,1_1V0AN
20240503,1,1,0,1,97_1V0AN
20240504,2,1,0,1,98_1V0AN
20240504,2,1,0,1,2_1V0AN
20240505,3,1,0,1,3_1V0AN
20240505,3,1,0,1,99_1V0AN
20240506,1,1,0,1,97_1V0AN
20240506,1,1,0,1,1_1V0AN
20240507,1,1,0,1,1_1V0AN
20240507,1,1,0,1,97_1V0AN
20240508,1,1,0,1,97_1V0AN
20240508,1,1,0,1,1_1V0AN
20240509,1,1,0,1,1_1V0AN
20240509,1,1,0,1,97_1V0AN
20240510,1,1,0,1,97_1V0AN
20240510,1,1,0,1,1_1V0AN
20240511,2,1,0,1,2_1V0AN
20240511,2,1,0,1,98_1V0AN
20240512,3,1,0,1,99_1V0AN
20240512,3,1,0,1,3_1V0AN
20240513,1,1,0,1,1_1V0AN
20240513,1,1,0,1,97_1V0AN
20240514,1,1,0,1,97_1V0AN
20240514,1,1,0,1,1_1V0AN
20240515,1,1,0,1,1_1V0AN
20240515,1,1,0,1,97_1V0AN
20240516,1,1,0,1,97_1V0AN
20240516,1,1,0,1,1_1V0AN
20240517,1,1,0,1,1_1V0AN
20240517,1,1,0,1,97_1V0AN
20240518,2,1,0,1,98_1V0AN
20240518,2,1,0,1,2_1V0AN
20240519,3,1,0,1,3_1V0AN
20240519,3,1,0,1,99_1V0AN
20240520,1,1,0,1,97_1V0AN
20240520,1,1,0,1,1_1V0AN
20240521,1,1,0,1,1_1V0AN
20240521,1,1,0,1,97_1V0AN
20240522,1,1,0,1,97_1V0AN
20240522,1,1,0,1,1_1V0AN
20240523,1,1,0,1,1_1V0AN
20240523,1,1,0,1,97_1V0AN
20240524,1,1,0,1,97_1V0AN
20240524,1,1,0,1,1_1V0AN
20240525,2,1,0,1,2_1V0AN
20240525,2,1,0,1,98_1V0AN
20240526,3,1,0,1,99_1V0AN
20240526,3,1,0,1,3_1V0AN
20240527,1,1,0,1,1_1V0AN
20240527,1,1,0,1,97_1V0AN
20240528,1,1,0,1,97_1V0AN
20240528,1,1,0,1,1_1V0AN
20240529,1,1,0,1,1_1V0AN
20240529,1,1,0,1,97_1V0AN
20240530,3,1,1,1,97_1V0AN
20240530,3,1,1,1,3_1V0AN
20240531,1,1,0,1,1_1V0AN
20240531,1,1,0,1,97_1V0AN
20240601,2,1,0,1,2_1V0AN
20240602,3,1,0,1,3_1V0AN
20240603,1,1,0,1,1_1V0AN
20240603,1,1,0,1,97_1V0AN
20240604,1,1,0,1,97_1V0AN
20240604,1,1,0,1,1_1V0AN
20240605,1,1,0,1,1_1V0AN
20240605,1,1,0,1,97_1V0AN
20240606,1,1,0,1,97_1V0AN
20240606,1,1,0,1,1_1V0AN
20240607,1,1,0,1,1_1V0AN
20240607,1,1,0,1,97_1V0AN
20240608,2,1,0,1,2_1V0AN
20240609,3,1,0,1,3_1V0AN
20240609,3,1,0,1,99_1V0AN
20240610,3,1,1,1,97_1V0AN
20240610,3,1,1,1,3_1V0AN
20240611,1,1,0,1,1_1V0AN
20240611,1,1,0,1,97_1V0AN
20240612,1,1,0,1,97_1V0AN
20240612,1,1,0,1,1_1V0AN
20240613,1,1,0,1,14_1V0AN
20240613,1,1,0,1,74_1V0AN
20240614,1,1,0,1,97_1V0AN
20240614,1,1,0,1,1_1V0AN
20240615,2,1,0,1,2_1V0AN
20240615,2,1,0,1,98_1V0AN
20240616,3,1,0,1,99_1V0AN
20240616,3,1,0,1,3_1V0AN
20240617,1,1,0,1,1_1V0AN
20240617,1,1,0,1,97_1V0AN
20240618,1,1,0,1,97_1V0AN
20240618,1,1,0,1,1_1V0AN
20240619,1,1,0,1,1_1V0AN
20240619,1,1,0,1,97_1V0AN
20240620,1,1,0,1,97_1V0AN
20240620,1,1,0,1,1_1V0AN
20240621,1,1,0,1,1_1V0AN
20240621,1,1,0,1,97_1V0AN
20240622,2,1,0,1,98_1V0AN
20240622,2,1,0,1,2_1V0AN
20240623,3,1,0,1,3_1V0AN
20240623,3,1,0,1,99_1V0AN
20240624,1,1,0,1,97_1V0AN
20240624,1,1,0,1,1_1V0AN
20240625,1,1,0,1,1_1V0AN
20240625,1,1,0,1,97_1V0AN
20240626,1,1,0,1,97_1V0AN
20240626,1,1,0,1,1_1V0AN
20240627,1,1,0,1,1_1V0AN
20240627,1,1,0,1,97_1V0AN
20240628,1,1,0,1,97_1V0AN
20240628,1,1,0,1,1_1V0AN
20240629,2,1,0,1,2_1V0AN
20240629,2,1,0,1,98_1V0AN
20240630,3,1,0,1,99_1V0AN
20240630,3,1,0,1,3_1V0AN
20240701,1,1,0,3,7_1V0AN
20240701,1,1,0,3,97_1V0AN
20240702,1,1,0,3,97_1V0AN
20240702,1,1,0,3,7_1V0AN
20240703,1,1,0,3,7_1V0AN
20240703,1,1,0,3,97_1V0AN
20240704,1,1,0,3,97_1V0AN
20240704,1,1,0,3,7_1V0AN
20240705,1,1,0,3,7_1V0AN
20240705,1,1,0,3,97_1V0AN
20240706,2,1,0,3,98_1V0AN
20240706,2,1,0,3,8_1V0AN
20240707,3,1,0,3,9_1V0AN
20240707,3,1,0,3,99_1V0AN
20240708,1,1,0,3,97_1V0AN
20240708,1,1,0,3,7_1V0AN
20240709,1,1,0,3,7_1V0AN
20240709,1,1,0,3,97_1V0AN
20240710,1,1,0,3,97_1V0AN
20240710,1,1,0,3,7_1V0AN
20240711,1,1,0,3,7_1V0AN
20240711,1,1,0,3,97_1V0AN
20240712,1,1,0,3,97_1V0AN
20240712,1,1,0,3,7_1V0AN
20240713,2,1,0,3,8_1V0AN
20240713,2,1,0,3,98_1V0AN
20240714,3,1,0,3,99_1V0AN
20240714,3,1,0,3,9_1V0AN
20240715,1,1,0,3,7_1V0AN
20240715,1,1,0,3,97_1V0AN
20240716,1,1,0,3,97_1V0AN
20240716,1,1,0,3,7_1V0AN
20240717,1,1,0,3,7_1V0AN
20240717,1,1,0,3,97_1V0AN
20240718,1,1,0,3,97_1V0AN
20240718,1,1,0,3,7_1V0AN
20240719,1,1,0,3,7_1V0AN
20240719,1,1,0,3,97_1V0AN
20240720,2,1,0,3,98_1V0AN
20240720,2,1,0,3,8_1V0AN
20240721,3,1,0,3,9_1V0AN
20240721,3,1,0,3,99_1V0AN
20240722,1,1,0,3,97_1V0AN
20240722,1,1,0,3,7_1V0AN
20240723,1,1,0,3,7_1V0AN
20240723,1,1,0,3,97_1V0AN
20240724,1,1,0,3,97_1V0AN
20240724,1,1,0,3,7_1V0AN
20240725,1,1,0,3,7_1V0AN
20240725,1,1,0,3,97_1V0AN
20240726,1,1,0,3,97_1V0AN
20240726,1,1,0,3,7_1V0AN
20240727,2,1,0,3,8_1V0AN
20240727,2,1,0,3,98_1V0AN
20240728,3,1,0,3,99_1V0AN
20240728,3,1,0,3,9_1V0AN
20240729,1,1,0,3,7_1V0AN
20240729,1,1,0,3,97_1V0AN
20240730,1,1,0,3,97_1V0AN
20240730,1,1,0,3,7_1V0AN
20240731,1,1,0,3,7_1V0AN
20240731,1,1,0,3,97_1V0AN
20240801,1,1,0,3,97_1V0AN
20240801,1,1,0,3,7_1V0AN
20240802,1,1,0,3,7_1V0AN
20240802,1,1,0,3,97_1V0AN
20240803,2,1,0,3,98_1V0AN
20240803,2,1,0,3,8_1V0AN
20240804,3,1,0,3,9_1V0AN
20240804,3,1,0,3,99_1V0AN
20240805,1,1,0,3,97_1V0AN
20240805,1,1,0,3,7_1V0AN
20240806,1,1,0,3,7_1V0AN
20240806,1,1,0,3,97_1V0AN
20240807,1,1,0,3,97_1V0AN
20240807,1,1,0,3,7_1V0AN
20240808,1,1,0,3,7_1V0AN
20240808,1,1,0,3,97_1V0AN
20240809,1,1,0,3,97_1V0AN
20240809,1,1,0,3,7_1V0AN
20240810,2,1,0,3,8_1V0AN
20240810,2,1,0,3,98_1V0AN
20240811,3,1,0,3,99_1V0AN
20240811,3,1,0,3,9_1V0AN
20240812,1,1,0,3,7_1V0AN
20240812,1,1,0,3,97_1V0AN
20240813,1,1,0,3,97_1V0AN
20240813,1,1,0,3,7_1V0AN
20240814,1,1,0,3,7_1V0AN
20240814,1,1,0,3,97_1V0AN
20240815,1,1,0,3,97_1V0AN
20240815,3,1,1,3,9_1V0AN
20240816,1,1,0,3,7_1V0AN
20240816,1,1,0,3,97_1V0AN
20240817,2,1,0,3,98_1V0AN
20240817,2,1,0,3,8_1V0AN
20240818,3,1,0,3,9_1V0AN
20240818,3,1,0,3,99_1V0AN
20240819,1,1,0,3,97_1V0AN
20240819,1,1,0,3,7_1V0AN
20240820,1,1,0,3,7_1V0AN
20240820,1,1,0,3,97_1V0AN
20240821,1,1,0,3,97_1V0AN
20240821,1,1,0,3,7_1V0AN
20240822,1,1,0,3,7_1V0AN
20240822,1,1,0,3,97_1V0AN
20240823,1,1,0,3,7_1V0AN
20240824,2,1,0,3,8_1V0AN
20240825,3,1,0,3,9_1V0AN
20240826,1,1,0,3,7_1V0AN
20240826,1,1,0,3,97_1V0AN
20240827,1,1,0,3,97_1V0AN
20240827,1,1,0,3,7_1V0AN
20240828,1,1,0,3,7_1V0AN
20240828,1,1,0,3,97_1V0AN
20240829,1,1,0,3,97_1V0AN
20240829,1,1,0,3,7_1V0AN
20240830,1,1,0,3,7_1V0AN
20240831,2,1,0,3,8_1V0AN
20240901,3,1,0,3,9_1V0AN
20240902,1,1,0,3,7_1V0AN
20240902,1,1,0,3,97_1V0AN
20240903,1,1,0,3,97_1V0AN
20240903,1,1,0,3,7_1V0AN
20240904,1,1,0,3,7_1V0AN
20240904,1,1,0,3,97_1V0AN
20240905,1,1,0,3,97_1V0AN
20240905,1,1,0,3,7_1V0AN
20240906,1,1,0,3,7_1V0AN
20240906,1,1,0,3,97_1V0AN
20240907,2,1,0,3,98_1V0AN
20240907,2,1,0,3,8_1V0AN
20240908,3,1,0,3,9_1V0AN
20240908,3,1,0,3,99_1V0AN
20240909,1,1,0,1,77_1V0AN
20240909,1,1,0,1,1_1V0AN
20240910,1,1,0,1,1_1V0AN
20240910,1,1,0,1,77_1V0AN
20240911,1,1,0,1,77_1V0AN
20240911,1,1,0,1,1_1V0AN
20240912,1,1,0,1,1_1V0AN
20240912,1,1,0,1,77_1V0AN
20240913,1,1,0,1,77_1V0AN
20240913,1,1,0,1,1_1V0AN
20240914,2,1,0,1,2_1V0AN
20240914,2,1,0,1,78_1V0AN
20240915,3,1,0,1,79_1V0AN
20240915,3,1,0,1,3_1V0AN
20240916,1,1,0,1,1_1V0AN
20240916,1,1,0,1,77_1V0AN
20240917,1,1,0,1,77_1V0AN
20240917,1,1,0,1,1_1V0AN
20240918,1,1,0,1,1_1V0AN
20240918,1,1,0,1,77_1V0AN
20240919,1,1,0,1,77_1V0AN
20240919,1,1,0,1,1_1V0AN
20240920,1,1,0,1,1_1V0AN
20240920,1,1,0,1,77_1V0AN
20240921,2,1,0,1,78_1V0AN
20240921,2,1,0,1,2_1V0AN
20240922,3,1,0,1,3_1V0AN
20240922,3,1,0,1,79_1V0AN
20240923,1,1,0,1,77_1V0AN
20240923,1,1,0,1,1_1V0AN
20240924,1,1,0,1,1_1V0AN
20240924,1,1,0,1,77_1V0AN
20240925,1,1,0,1,77_1V0AN
20240925,1,1,0,1,1_1V0AN
20240926,1,1,0,1,1_1V0AN
20240926,1,1,0,1,77_1V0AN
20240927,1,1,0,1,77_1V0AN
20240927,1,1,0,1,1_1V0AN
20240928,2,1,0,1,2_1V0AN
20240928,2,1,0,1,78_1V0AN
20240929,3,1,0,1,79_1V0AN
20240929,3,1,0,1,3_1V0AN
20240930,1,1,0,1,1_1V0AN
20240930,1,1,0,1,77_1V0AN
20241001,1,1,0,1,77_1V0AN
20241001,1,1,0,1,1_1V0AN
20241002,1,1,0,1,1_1V0AN
20241002,1,1,0,1,77_1V0AN
20241003,1,1,0,1,77_1V0AN
20241003,1,1,0,1,1_1V0AN
20241004,1,1,0,1,1_1V0AN
20241004,1,1,0,1,77_1V0AN
20241005,3,1,1,1,78_1V0AN
20241005,3,1,1,1,3_1V0AN
20241006,3,1,0,1,3_1V0AN
20241006,3,1,0,1,79_1V0AN
20241007,1,1,0,1,77_1V0AN
20241007,1,1,0,1,1_1V0AN
20241008,1,1,0,1,1_1V0AN
20241008,1,1,0,1,77_1V0AN
20241009,1,1,0,1,77_1V0AN
20241009,1,1,0,1,1_1V0AN
20241010,1,1,0,1,1_1V0AN
20241010,1,1,0,1,77_1V0AN
20241011,1,1,0,1,77_1V0AN
20241011,1,1,0,1,1_1V0AN
20241012,2,1,0,1,2_1V0AN
20241012,2,1,0,1,78_1V0AN
20241013,3,1,0,1,79_1V0AN
20241013,3,1,0,1,3_1V0AN
20241014,1,1,0,1,1_1V0AN
20241014,1,1,0,1,77_1V0AN
20241015,1,1,0,1,77_1V0AN
20241015,1,1,0,1,1_1V0AN
20241016,1,1,0,1,1_1V0AN
20241016,1,1,0,1,77_1V0AN
20241017,1,1,0,1,77_1V0AN
20241017,1,1,0,1,1_1V0AN
20241018,1,1,0,1,1_1V0AN
20241018,1,1,0,1,77_1V0AN
20241019,2,1,0,1,78_1V0AN
20241019,2,1,0,1,2_1V0AN
20241020,3,1,0,1,3_1V0AN
20241020,3,1,0,1,79_1V0AN
20241021,1,1,0,1,77_1V0AN
20241021,1,1,0,1,1_1V0AN
20241022,1,1,0,1,1_1V0AN
20241022,1,1,0,1,77_1V0AN
20241023,1,1,0,1,77_1V0AN
20241023,1,1,0,1,1_1V0AN
20241024,1,1,0,1,1_1V0AN
20241024,1,1,0,1,77_1V0AN
20241025,1,1,0,1,77_1V0AN
20241025,1,1,0,1,1_1V0AN
20241026,2,1,0,1,2_1V0AN
20241026,2,1,0,1,78_1V0AN
20241027,3,1,0,1,79_1V0AN
20241027,3,1,0,1,3_1V0AN
20241028,1,1,0,1,1_1V0AN
20241028,1,1,0,1,77_1V0AN
20241029,1,1,0,1,77_1V0AN
20241029,1,1,0,1,1_1V0AN
20241030,1,1,0,1,1_1V0AN
20241030,1,1,0,1,77_1V0AN
20241031,1,1,0,1,77_1V0AN
20241031,1,1,0,1,1_1V0AN
20241101,3,1,1,1,3_1V0AN
20241101,3,1,1,1,91_1V0AN
20241102,2,1,0,1,92_1V0AN
20241102,2,1,0,1,2_1V0AN
20241103,3,1,0,1,3_1V0AN
20241103,3,1,0,1,93_1V0AN
20241104,1,1,0,1,91_1V0AN
20241104,1,1,0,1,1_1V0AN
20241105,1,1,0,1,1_1V0AN
20241105,1,1,0,1,91_1V0AN
20241106,1,1,0,1,91_1V0AN
20241106,1,1,0,1,1_1V0AN
20241107,1,1,0,1,1_1V0AN
20241107,1,1,0,1,91_1V0AN
20241108,1,1,0,1,91_1V0AN
20241108,1,1,0,1,1_1V0AN
20241109,2,1,0,1,2_1V0AN
20241109,2,1,0,1,92_1V0AN
20241110,3,1,0,1,93_1V0AN
20241110,3,1,0,1,3_1V0AN
20241111,1,1,0,1,1_1V0AN
20241111,1,1,0,1,91_1V0AN
20241112,1,1,0,1,91_1V0AN
20241112,1,1,0,1,1_1V0AN
20241113,1,1,0,1,1_1V0AN
20241113,1,1,0,1,91_1V0AN
20241114,1,1,0,1,91_1V0AN
20241114,1,1,0,1,1_1V0AN
20241115,1,1,0,1,1_1V0AN
20241115,1,1,0,1,91_1V0AN
20241116,2,1,0,1,92_1V0AN
20241116,2,1,0,1,2_1V0AN
20241117,3,1,0,1,3_1V0AN
20241117,3,1,0,1,93_1V0AN
20241118,1,1,0,1,91_1V0AN
20241118,1,1,0,1,1_1V0AN
20241119,1,1,0,1,1_1V0AN
20241119,1,1,0,1,91_1V0AN
20241120,1,1,0,1,91_1V0AN
20241120,1,1,0,1,1_1V0AN
20241121,1,1,0,1,1_1V0AN
20241121,1,1,0,1,91_1V0AN
20241122,1,1,0,1,91_1V0AN
20241122,1,1,0,1,1_1V0AN
20241123,2,1,0,1,2_1V0AN
20241123,2,1,0,1,92_1V0AN
20241124,3,1,0,1,93_1V0AN
20241124,3,1,0,1,3_1V0AN
20241125,1,1,0,1,1_1V0AN
20241125,1,1,0,1,91_1V0AN
20241126,1,1,0,1,91_1V0AN
20241126,1,1,0,1,1_1V0AN
20241127,1,1,0,1,1_1V0AN
20241127,1,1,0,1,91_1V0AN
20241128,1,1,0,1,91_1V0AN
20241128,1,1,0,1,1_1V0AN
20241129,1,1,0,1,1_1V0AN
20241129,1,1,0,1,91_1V0AN
20241130,2,1,0,1,92_1V0AN
20241130,2,1,0,1,2_1V0AN
20241201,3,1,1,1,3_1V0AN
20241202,1,1,0,1,1_1V0AN
20241203,1,1,0,1,1_1V0AN
20241204,1,1,0,1,1_1V0AN
20241205,1,1,0,1,1_1V0AN
20241206,1,1,0,1,1_1V0AN
20241207,2,1,0,1,2_1V0AN
20241208,3,1,1,1,3_1V0AN
20241209,1,1,0,1,1_1V0AN
20241210,1,1,0,1,1_1V0AN
20241211,1,1,0,1,1_1V0AN
20241212,1,1,0,1,1_1V0AN
20241213,1,1,0,1,1_1V0AN
20241214,2,1,0,1,2_1V0AN
20241215,3,1,0,1,3_1V0AN
20241216,1,1,0,1,1_1V0AN
20241217,1,1,0,1,1_1V0AN
20241218,1,1,0,1,1_1V0AN
20241219,1,1,0,1,1_1V0AN
20241220,1,1,0,1,1_1V0AN
20241221,2,1,0,2,5_1V0AN
20241222,3,1,0,2,6_1V0AN
20241223,1,1,0,2,4_1V0AN
20241224,1,1,0,2,4_1V0AN
20241225,3,1,1,2,6_1V0AN
20241226,1,1,0,2,4_1V0AN
20241227,1,1,0,2,4_1V0AN
20241228,2,1,0,2,5_1V0AN
20241228,2,1,0,2,95_1V0AN
20241229,3,1,0,2,96_1V0AN
20241229,3,1,0,2,6_1V0AN
20241230,1,1,0,2,4_1V0AN
20241231,1,1,0,2,4_1V0AN
20240101,3,1,1,2,1112_GY0RX
20240101,3,1,1,2,32_GY0RX
20240102,1,1,0,2,12_GY0RX
20240102,1,1,0,2,1202_GY0RX
20240103,1,1,0,1,11_GY0RX
20240103,1,1,0,1,1301_GY0RX
20240104,1,1,0,1,11_GY0RX
20240104,1,1,0,1,1401_GY0RX
20240105,1,1,0,1,11_GY0RX
20240105,1,1,0,1,1501_GY0RX
20240106,2,1,0,1,1601_GY0RX
20240106,2,1,0,1,21_GY0RX
20240107,3,1,0,1,1701_GY0RX
20240107,3,1,0,1,31_GY0RX
20240108,1,1,0,1,11_GY0RX
20240108,1,1,0,1,1101_GY0RX
20240109,1,1,0,1,11_GY0RX
20240109,1,1,0,1,1201_GY0RX
20240110,1,1,0,1,11_GY0RX
20240110,1,1,0,1,1301_GY0RX
20240111,1,1,0,1,11_GY0RX
20240111,1,1,0,1,1401_GY0RX
20240112,1,1,0,1,11_GY0RX
20240112,1,1,0,1,1501_GY0RX
20240113,2,1,0,1,1601_GY0RX
20240113,2,1,0,1,21_GY0RX
20240114,3,1,0,1,1701_GY0RX
20240114,3,1,0,1,31_GY0RX
20240115,1,1,0,1,11_GY0RX
20240115,1,1,0,1,1101_GY0RX
20240116,1,1,0,1,11_GY0RX
20240116,1,1,0,1,1201_GY0RX
20240117,1,1,0,1,11_GY0RX
20240117,1,1,0,1,1301_GY0RX
20240118,1,1,0,1,11_GY0RX
20240118,1,1,0,1,1401_GY0RX
20240119,1,1,0,1,11_GY0RX
20240119,1,1,0,1,1501_GY0RX
20240120,2,1,0,1,1601_GY0RX
20240120,2,1,0,1,21_GY0RX
20240121,3,1,0,1,1701_GY0RX
20240121,3,1,0,1,31_GY0RX
20240122,1,1,0,1,11_GY0RX
20240122,1,1,0,1,1101_GY0RX
20240123,1,1,0,1,11_GY0RX
20240123,1,1,0,1,1201_GY0RX
20240124,1,1,0,1,11_GY0RX
20240124,1,1,0,1,1301_GY0RX
20240125,1,1,0,1,11_GY0RX
20240125,1,1,0,1,1401_GY0RX
20240126,1,1,0,1,11_GY0RX
20240126,1,1,0,1,1501_GY0RX
20240127,2,1,0,1,1601_GY0RX
20240127,2,1,0,1,21_GY0RX
20240128,3,1,0,1,1701_GY0RX
20240128,3,1,0,1,31_GY0RX
20240129,1,1,0,1,11_GY0RX
20240129,1,1,0,1,1101_GY0RX
20240130,1,1,0,1,11_GY0RX
20240130,1,1,0,1,1201_GY0RX
20240131,1,1,0,1,11_GY0RX
20240131,1,1,0,1,1301_GY0RX
20240201,1,1,0,1,11_GY0RX
20240201,1,1,0,1,1401_GY0RX
20240202,1,1,0,1,11_GY0RX
20240202,1,1,0,1,1501_GY0RX
20240203,2,1,0,1,1601_GY0RX
20240203,2,1,0,1,21_GY0RX
20240204,3,1,0,1,1701_GY0RX
20240204,3,1,0,1,31_GY0RX
20240205,1,1,0,1,11_GY0RX
20240205,1,1,0,1,1101_GY0RX
20240206,1,1,0,1,11_GY0RX
20240206,1,1,0,1,1201_GY0RX
20240207,1,1,0,1,11_GY0RX
20240207,1,1,0,1,1301_GY0RX
20240208,1,1,0,1,11_GY0RX
20240208,1,1,0,1,1401_GY0RX
20240209,1,1,0,1,11_GY0RX
20240209,1,1,0,1,1501_GY0RX
20240210,2,1,0,1,1601_GY0RX
20240210,2,1,0,1,21_GY0RX
20240211,3,1,0,1,1701_GY0RX
20240211,3,1,0,1,31_GY0RX
20240212,1,1,0,2,1102_GY0RX
20240212,1,1,0,2,12_GY0RX
20240213,1,1,0,2,1212_GY0RX
20240213,1,1,0,2,22_GY0RX
20240214,1,1,0,2,12_GY0RX
20240214,1,1,0,2,1302_GY0RX
20240215,1,1,0,1,11_GY0RX
20240215,1,1,0,1,1401_GY0RX
20240216,1,1,0,1,11_GY0RX
20240216,1,1,0,1,1501_GY0RX
20240217,2,1,0,1,1601_GY0RX
20240217,2,1,0,1,21_GY0RX
20240218,3,1,0,1,1701_GY0RX
20240218,3,1,0,1,31_GY0RX
20240219,1,1,0,1,11_GY0RX
20240219,1,1,0,1,1101_GY0RX
20240220,1,1,0,1,11_GY0RX
20240220,1,1,0,1,1201_GY0RX
20240221,1,1,0,1,11_GY0RX
20240221,1,1,0,1,1301_GY0RX
20240222,1,1,0,1,11_GY0RX
20240222,1,1,0,1,1401_GY0RX
20240223,1,1,0,1,11_GY0RX
20240223,1,1,0,1,1501_GY0RX
20240224,2,1,0,1,1601_GY0RX
20240224,2,1,0,1,21_GY0RX
20240225,3,1,0,1,1701_GY0RX
20240225,3,1,0,1,31_GY0RX
20240226,1,1,0,1,11_GY0RX
20240226,1,1,0,1,1101_GY0RX
20240227,1,1,0,1,11_GY0RX
20240227,1,1,0,1,1201_GY0RX
20240228,1,1,0,1,11_GY0RX
20240228,1,1,0,1,1301_GY0RX
20240229,1,1,0,1,11_GY0RX
20240229,1,1,0,1,1401_GY0RX
20240301,1,1,0,1,11_GY0RX
20240301,1,1,0,1,1501_GY0RX
20240302,2,1,0,1,1601_GY0RX
20240302,2,1,0,1,21_GY0RX
20240303,3,1,0,1,1701_GY0RX
20240303,3,1,0,1,31_GY0RX
20240304,1,1,0,1,11_GY0RX
20240304,1,1,0,1,1101_GY0RX
20240305,1,1,0,1,11_GY0RX
20240305,1,1,0,1,1201_GY0RX
20240306,1,1,0,1,11_GY0RX
20240306,1,1,0,1,1301_GY0RX
20240307,1,1,0,1,11_GY0RX
20240307,1,1,0,1,1401_GY0RX
20240308,1,1,0,1,11_GY0RX
20240308,1,1,0,1,1501_GY0RX
20240309,2,1,0,1,1601_GY0RX
20240309,2,1,0,1,21_GY0RX
20240310,3,1,0,1,1701_GY0RX
20240310,3,1,0,1,31_GY0RX
20240311,1,1,0,1,11_GY0RX
20240311,1,1,0,1,1101_GY0RX
20240312,1,1,0,1,11_GY0RX
20240312,1,1,0,1,1201_GY0RX
20240313,1,1,0,1,11_GY0RX
20240313,1,1,0,1,1301_GY0RX
20240314,1,1,0,1,11_GY0RX
20240314,1,1,0,1,1401_GY0RX
20240315,1,1,0,1,11_GY0RX
20240315,1,1,0,1,1501_GY0RX
20240316,2,1,0,1,1601_GY0RX
20240316,2,1,0,1,21_GY0RX
20240317,3,1,0,1,1701_GY0RX
20240317,3,1,0,1,31_GY0RX
20240318,1,1,0,1,11_GY0RX
20240318,1,1,0,1,1101_GY0RX
20240319,1,1,0,1,11_GY0RX
20240319,1,1,0,1,1201_GY0RX
20240320,1,1,0,1,11_GY0RX
20240320,1,1,0,1,1301_GY0RX
20240321,1,1,0,1,11_GY0RX
20240321,1,1,0,1,1401_GY0RX
20240322,1,1,0,1,11_GY0RX
20240322,1,1,0,1,1501_GY0RX
20240323,2,1,0,1,1601_GY0RX
20240323,2,1,0,1,21_GY0RX
20240324,3,1,0,1,1701_GY0RX
20240324,3,1,0,1,31_GY0RX
20240325,1,1,0,1,11_GY0RX
20240325,1,1,0,1,1101_GY0RX
20240326,1,1,0,1,11_GY0RX
20240326,1,1,0,1,1201_GY0RX
20240327,1,1,0,1,11_GY0RX
20240327,1,1,0,1,1301_GY0RX
20240328,1,1,0,2,12_GY0RX
20240328,1,1,0,2,1402_GY0RX
20240329,3,1,1,2,1512_GY0RX
20240329,3,1,1,2,32_GY0RX
20240330,2,1,0,2,1602_GY0RX
20240330,2,1,0,2,22_GY0RX
20240331,3,1,1,2,1712_GY0RX
20240331,3,1,1,2,32_GY0RX
20240401,1,1,0,2,1102_GY0RX
20240401,1,1,0,2,12_GY0RX
20240402,1,1,0,2,12_GY0RX
20240402,1,1,0,2,1202_GY0RX
20240403,1,1,0,1,11_GY0RX
20240403,1,1,0,1,1301_GY0RX
20240404,1,1,0,1,11_GY0RX
20240404,1,1,0,1,1401_GY0RX
20240405,1,1,0,1,11_GY0RX
20240405,1,1,0,1,1501_GY0RX
20240406,2,1,0,1,1601_GY0RX
20240406,2,1,0,1,21_GY0RX
20240407,3,1,0,1,1701_GY0RX
20240407,3,1,0,1,31_GY0RX
20240408,1,1,0,1,11_GY0RX
20240408,1,1,0,1,1101_GY0RX
20240409,1,1,0,1,11_GY0RX
20240409,1,1,0,1,1201_GY0RX
20240410,1,1,0,1,11_GY0RX
20240410,1,1,0,1,1301_GY0RX
20240411,1,1,0,1,11_GY0RX
20240411,1,1,0,1,1401_GY0RX
20240412,1,1,0,1,11_GY0RX
20240412,1,1,0,1,1501_GY0RX
20240413,2,1,0,1,1601_GY0RX
20240413,2,1,0,1,21_GY0RX
20240414,3,1,0,1,1701_GY0RX
20240414,3,1,0,1,31_GY0RX
20240415,1,1,0,1,11_GY0RX
20240415,1,1,0,1,1101_GY0RX
20240416,1,1,0,1,11_GY0RX
20240416,1,1,0,1,1201_GY0RX
20240417,1,1,0,1,11_GY0RX
20240417,1,1,0,1,1301_GY0RX
20240418,1,1,0,1,11_GY0RX
20240418,1,1,0,1,1401_GY0RX
20240419,1,1,0,1,11_GY0RX
20240419,1,1,0,1,1501_GY0RX
20240420,2,1,0,1,1601_GY0RX
20240420,2,1,0,1,21_GY0RX
20240421,3,1,0,1,1701_GY0RX
20240421,3,1,0,1,31_GY0RX
20240422,1,1,0,1,11_GY0RX
20240422,1,1,0,1,1101_GY0RX
20240423,1,1,0,1,11_GY0RX
20240423,1,1,0,1,1201_GY0RX
20240424,1,1,0,1,11_GY0RX
20240424,1,1,0,1,1301_GY0RX
20240425,3,1,1,1,1411_GY0RX
20240425,3,1,1,1,31_GY0RX
20240426,1,1,0,1,11_GY0RX
20240426,1,1,0,1,1501_GY0RX
20240427,2,1,0,1,1601_GY0RX
20240427,2,1,0,1,21_GY0RX
20240428,3,1,0,1,1701_GY0RX
20240428,3,1,0,1,31_GY0RX
20240429,1,1,0,1,11_GY0RX
20240429,1,1,0,1,1101_GY0RX
20240430,1,1,0,1,11_GY0RX
20240430,1,1,0,1,1201_GY0RX
20240501,3,1,1,1,1311_GY0RX
20240501,3,1,1,1,31_GY0RX
20240502,1,1,0,1,11_GY0RX
20240502,1,1,0,1,1401_GY0RX
20240503,1,1,0,1,11_GY0RX
20240503,1,1,0,1,1501_GY0RX
20240504,2,1,0,1,1601_GY0RX
20240504,2,1,0,1,21_GY0RX
20240505,3,1,0,1,1701_GY0RX
20240505,3,1,0,1,31_GY0RX
20240506,1,1,0,1,11_GY0RX
20240506,1,1,0,1,1101_GY0RX
20240507,1,1,0,1,11_GY0RX
20240507,1,1,0,1,1201_GY0RX
20240508,1,1,0,1,11_GY0RX
20240508,1,1,0,1,1301_GY0RX
20240509,1,1,0,1,11_GY0RX
20240509,1,1,0,1,1401_GY0RX
20240510,1,1,0,1,11_GY0RX
20240510,1,1,0,1,1501_GY0RX
20240511,2,1,0,1,1601_GY0RX
20240511,2,1,0,1,21_GY0RX
20240512,3,1,0,1,1701_GY0RX
20240512,3,1,0,1,31_GY0RX
20240513,1,1,0,1,11_GY0RX
20240513,1,1,0,1,1101_GY0RX
20240514,1,1,0,1,11_GY0RX
20240514,1,1,0,1,1201_GY0RX
20240515,1,1,0,1,11_GY0RX
20240515,1,1,0,1,1301_GY0RX
20240516,1,1,0,1,11_GY0RX
20240516,1,1,0,1,1401_GY0RX
20240517,1,1,0,1,11_GY0RX
20240517,1,1,0,1,1501_GY0RX
20240518,2,1,0,1,1601_GY0RX
20240518,2,1,0,1,21_GY0RX
20240519,3,1,0,1,1701_GY0RX
20240519,3,1,0,1,31_GY0RX
20240520,1,1,0,1,11_GY0RX
20240520,1,1,0,1,1101_GY0RX
20240521,1,1,0,1,11_GY0RX
20240521,1,1,0,1,1201_GY0RX
20240522,1,1,0,1,11_GY0RX
20240522,1,1,0,1,1301_GY0RX
20240523,1,1,0,1,11_GY0RX
20240523,1,1,0,1,1401_GY0RX
20240524,1,1,0,1,11_GY0RX
20240524,1,1,0,1,1501_GY0RX
20240525,2,1,0,1,1601_GY0RX
20240525,2,1,0,1,21_GY0RX
20240526,3,1,0,1,1701_GY0RX
20240526,3,1,0,1,31_GY0RX
20240527,1,1,0,1,11_GY0RX
20240527,1,1,0,1,1101_GY0RX
20240528,1,1,0,1,11_GY0RX
20240528,1,1,0,1,1201_GY0RX
20240529,1,1,0,1,11_GY0RX
20240529,1,1,0,1,1301_GY0RX
20240530,3,1,1,1,1411_GY0RX
20240530,3,1,1,1,31_GY0RX
20240531,1,1,0,1,11_GY0RX
20240531,1,1,0,1,1501_GY0RX
20240601,2,1,0,1,1601_GY0RX
20240601,2,1,0,1,21_GY0RX
20240602,3,1,0,1,1701_GY0RX
20240602,3,1,0,1,31_GY0RX
20240603,1,1,0,1,11_GY0RX
20240603,1,1,0,1,1101_GY0RX
20240604,1,1,0,1,11_GY0RX
20240604,1,1,0,1,1201_GY0RX
20240605,1,1,0,1,11_GY0RX
20240605,1,1,0,1,1301_GY0RX
20240606,1,1,0,1,11_GY0RX
20240606,1,1,0,1,1401_GY0RX
20240607,1,1,0,1,11_GY0RX
20240607,1,1,0,1,1501_GY0RX
20240608,2,1,0,1,1601_GY0RX
20240608,2,1,0,1,21_GY0RX
20240609,3,1,0,1,1701_GY0RX
20240609,3,1,0,1,31_GY0RX
20240610,3,1,1,1,1111_GY0RX
20240610,3,1,1,1,31_GY0RX
20240611,1,1,0,1,11_GY0RX
20240611,1,1,0,1,1201_GY0RX
20240612,1,1,0,1,11_GY0RX
20240612,1,1,0,1,1301_GY0RX
20240613,1,1,0,1,15_GY0RX
20240613,1,1,0,1,1401_GY0RX
20240614,1,1,0,1,11_GY0RX
20240614,1,1,0,1,1501_GY0RX
20240615,2,1,0,1,1601_GY0RX
20240615,2,1,0,1,21_GY0RX
20240615,2,1,0,1,24_GY0RX
20240616,3,1,0,1,1701_GY0RX
20240616,3,1,0,1,31_GY0RX
20240616,3,1,0,1,34_GY0RX
20240617,1,1,0,1,11_GY0RX
20240617,1,1,0,1,1105_GY0RX
20240618,1,1,0,1,11_GY0RX
20240618,1,1,0,1,1205_GY0RX
20240619,1,1,0,1,11_GY0RX
20240619,1,1,0,1,1305_GY0RX
20240620,1,1,0,1,11_GY0RX
20240620,1,1,0,1,1405_GY0RX
20240621,1,1,0,1,11_GY0RX
20240621,1,1,0,1,1505_GY0RX
20240622,2,1,0,1,1601_GY0RX
20240622,2,1,0,1,21_GY0RX
20240622,2,1,0,1,24_GY0RX
20240623,3,1,0,1,1701_GY0RX
20240623,3,1,0,1,31_GY0RX
20240623,3,1,0,1,34_GY0RX
20240624,1,1,0,1,11_GY0RX
20240624,1,1,0,1,1105_GY0RX
20240625,1,1,0,1,11_GY0RX
20240625,1,1,0,1,1205_GY0RX
20240626,1,1,0,1,11_GY0RX
20240626,1,1,0,1,1305_GY0RX
20240627,1,1,0,1,11_GY0RX
20240627,1,1,0,1,1405_GY0RX
20240628,1,1,0,1,11_GY0RX
20240628,1,1,0,1,1505_GY0RX
20240629,2,1,0,1,1601_GY0RX
20240629,2,1,0,1,21_GY0RX
20240630,3,1,0,1,1701_GY0RX
20240630,3,1,0,1,31_GY0RX
20240701,1,1,0,3,1103_GY0RX
20240701,1,1,0,3,13_GY0RX
20240702,1,1,0,3,1203_GY0RX
20240702,1,1,0,3,13_GY0RX
20240703,1,1,0,3,13_GY0RX
20240703,1,1,0,3,1303_GY0RX
20240704,1,1,0,3,13_GY0RX
20240704,1,1,0,3,1403_GY0RX
20240705,1,1,0,3,13_GY0RX
20240705,1,1,0,3,1503_GY0RX
20240706,2,1,0,3,1603_GY0RX
20240706,2,1,0,3,23_GY0RX
20240707,3,1,0,3,1703_GY0RX
20240707,3,1,0,3,33_GY0RX
20240708,1,1,0,3,1103_GY0RX
20240708,1,1,0,3,13_GY0RX
20240709,1,1,0,3,1203_GY0RX
20240709,1,1,0,3,13_GY0RX
20240710,1,1,0,3,13_GY0RX
20240710,1,1,0,3,1303_GY0RX
20240711,1,1,0,3,13_GY0RX
20240711,1,1,0,3,1403_GY0RX
20240712,1,1,0,3,13_GY0RX
20240712,1,1,0,3,1503_GY0RX
20240713,2,1,0,3,1603_GY0RX
20240713,2,1,0,3,23_GY0RX
20240714,3,1,0,3,1703_GY0RX
20240714,3,1,0,3,33_GY0RX
20240715,1,1,0,3,1103_GY0RX
20240715,1,1,0,3,13_GY0RX
20240716,1,1,0,3,1203_GY0RX
20240716,1,1,0,3,13_GY0RX
20240717,1,1,0,3,13_GY0RX
20240717,1,1,0,3,1303_GY0RX
20240718,1,1,0,3,13_GY0RX
20240718,1,1,0,3,1403_GY0RX
20240719,1,1,0,3,13_GY0RX
20240719,1,1,0,3,1503_GY0RX
20240720,2,1,0,3,1603_GY0RX
20240720,2,1,0,3,23_GY0RX
20240721,3,1,0,3,1703_GY0RX
20240721,3,1,0,3,33_GY0RX
20240722,1,1,0,3,1103_GY0RX
20240722,1,1,0,3,13_GY0RX
20240723,1,1,0,3,1203_GY0RX
20240723,1,1,0,3,13_GY0RX
20240724,1,1,0,3,13_GY0RX
20240724,1,1,0,3,1303_GY0RX
20240725,1,1,0,3,13_GY0RX
20240725,1,1,0,3,1403_GY0RX
20240726,1,1,0,3,13_GY0RX
20240726,1,1,0,3,1503_GY0RX
20240727,2,1,0,3,1603_GY0RX
20240727,2,1,0,3,23_GY0RX
20240728,3,1,0,3,1703_GY0RX
20240728,3,1,0,3,33_GY0RX
20240729,1,1,0,3,1103_GY0RX
20240729,1,1,0,3,13_GY0RX
20240730,1,1,0,3,1203_GY0RX
20240730,1,1,0,3,13_GY0RX
20240731,1,1,0,3,13_GY0RX
20240731,1,1,0,3,1303_GY0RX
20240801,1,1,0,3,13_GY0RX
20240801,1,1,0,3,1403_GY0RX
20240802,1,1,0,3,13_GY0RX
20240802,1,1,0,3,1503_GY0RX
20240803,2,1,0,3,1603_GY0RX
20240803,2,1,0,3,23_GY0RX
20240804,3,1,0,3,1703_GY0RX
20240804,3,1,0,3,33_GY0RX
20240805,1,1,0,3,1103_GY0RX
20240805,1,1,0,3,13_GY0RX
20240806,1,1,0,3,1203_GY0RX
20240806,1,1,0,3,13_GY0RX
20240807,1,1,0,3,13_GY0RX
20240807,1,1,0,3,1303_GY0RX
20240808,1,1,0,3,13_GY0RX
20240808,1,1,0,3,1403_GY0RX
20240809,1,1,0,3,13_GY0RX
20240809,1,1,0,3,1503_GY0RX
20240810,2,1,0,3,1603_GY0RX
20240810,2,1,0,3,23_GY0RX
20240811,3,1,0,3,1703_GY0RX
20240811,3,1,0,3,33_GY0RX
20240812,1,1,0,3,1103_GY0RX
20240812,1,1,0,3,13_GY0RX
20240813,1,1,0,3,1203_GY0RX
20240813,1,1,0,3,13_GY0RX
20240814,1,1,0,3,13_GY0RX
20240814,1,1,0,3,1303_GY0RX
20240815,3,1,1,3,1413_GY0RX
20240815,3,1,1,3,33_GY0RX
20240816,1,1,0,3,13_GY0RX
20240816,1,1,0,3,1503_GY0RX
20240817,2,1,0,3,1603_GY0RX
20240817,2,1,0,3,23_GY0RX
20240818,3,1,0,3,1703_GY0RX
20240818,3,1,0,3,33_GY0RX
20240819,1,1,0,3,1103_GY0RX
20240819,1,1,0,3,13_GY0RX
20240820,1,1,0,3,1203_GY0RX
20240820,1,1,0,3,13_GY0RX
20240821,1,1,0,3,13_GY0RX
20240821,1,1,0,3,1303_GY0RX
20240822,1,1,0,3,13_GY0RX
20240822,1,1,0,3,1403_GY0RX
20240823,1,1,0,3,13_GY0RX
20240823,1,1,0,3,1503_GY0RX
20240824,2,1,0,3,1603_GY0RX
20240824,2,1,0,3,23_GY0RX
20240825,3,1,0,3,1703_GY0RX
20240825,3,1,0,3,33_GY0RX
20240826,1,1,0,3,1103_GY0RX
20240826,1,1,0,3,13_GY0RX
20240827,1,1,0,3,1203_GY0RX
20240827,1,1,0,3,13_GY0RX
20240828,1,1,0,3,13_GY0RX
20240828,1,1,0,3,1303_GY0RX
20240829,1,1,0,3,13_GY0RX
20240829,1,1,0,3,1403_GY0RX
20240830,1,1,0,3,13_GY0RX
20240830,1,1,0,3,1503_GY0RX
20240831,2,1,0,3,1603_GY0RX
20240831,2,1,0,3,23_GY0RX
20240901,3,1,0,3,1703_GY0RX
20240901,3,1,0,3,33_GY0RX
20240902,1,1,0,2,1102_GY0RX
20240902,1,1,0,2,12_GY0RX
20240903,1,1,0,2,12_GY0RX
20240903,1,1,0,2,1202_GY0RX
20240904,1,1,0,2,12_GY0RX
20240904,1,1,0,2,1302_GY0RX
20240905,1,1,0,2,12_GY0RX
20240905,1,1,0,2,1402_GY0RX
20240906,1,1,0,2,12_GY0RX
20240906,1,1,0,2,1502_GY0RX
20240907,2,1,0,2,1602_GY0RX
20240907,2,1,0,2,22_GY0RX
20240908,3,1,0,2,1702_GY0RX
20240908,3,1,0,2,32_GY0RX
20240909,1,1,0,1,11_GY0RX
20240909,1,1,0,1,1105_GY0RX
20240910,1,1,0,1,11_GY0RX
20240910,1,1,0,1,1205_GY0RX
20240911,1,1,0,1,11_GY0RX
20240911,1,1,0,1,1305_GY0RX
20240912,1,1,0,1,11_GY0RX
20240912,1,1,0,1,1405_GY0RX
20240913,1,1,0,1,11_GY0RX
20240913,1,1,0,1,1501_GY0RX
20240914,2,1,0,1,1601_GY0RX
20240914,2,1,0,1,21_GY0RX
20240915,3,1,0,1,1701_GY0RX
20240915,3,1,0,1,31_GY0RX
20240916,1,1,0,1,11_GY0RX
20240916,1,1,0,1,1101_GY0RX
20240917,1,1,0,1,11_GY0RX
20240917,1,1,0,1,1201_GY0RX
20240918,1,1,0,1,11_GY0RX
20240918,1,1,0,1,1301_GY0RX
20240919,1,1,0,1,11_GY0RX
20240919,1,1,0,1,1401_GY0RX
20240920,1,1,0,1,11_GY0RX
20240920,1,1,0,1,1501_GY0RX
20240921,2,1,0,1,1601_GY0RX
20240921,2,1,0,1,21_GY0RX
20240922,3,1,0,1,1701_GY0RX
20240922,3,1,0,1,31_GY0RX
20240923,1,1,0,1,11_GY0RX
20240923,1,1,0,1,1101_GY0RX
20240924,1,1,0,1,11_GY0RX
20240924,1,1,0,1,1201_GY0RX
20240925,1,1,0,1,11_GY0RX
20240925,1,1,0,1,1301_GY0RX
20240926,1,1,0,1,11_GY0RX
20240926,1,1,0,1,1401_GY0RX
20240927,1,1,0,1,11_GY0RX
20240927,1,1,0,1,1501_GY0RX
20240928,2,1,0,1,1601_GY0RX
20240928,2,1,0,1,21_GY0RX
20240929,3,1,0,1,1701_GY0RX
20240929,3,1,0,1,31_GY0RX
20240930,1,1,0,1,11_GY0RX
20240930,1,1,0,1,1101_GY0RX
20241001,1,1,0,1,11_GY0RX
20241001,1,1,0,1,1201_GY0RX
20241002,1,1,0,1,11_GY0RX
20241002,1,1,0,1,1301_GY0RX
20241003,1,1,0,1,11_GY0RX
20241003,1,1,0,1,1401_GY0RX
20241004,1,1,0,1,11_GY0RX
20241004,1,1,0,1,1501_GY0RX
20241005,3,1,1,1,1611_GY0RX
20241005,3,1,1,1,31_GY0RX
20241006,3,1,0,1,1701_GY0RX
20241006,3,1,0,1,31_GY0RX
20241007,1,1,0,1,11_GY0RX
20241007,1,1,0,1,1101_GY0RX
20241008,1,1,0,1,11_GY0RX
20241008,1,1,0,1,1201_GY0RX
20241009,1,1,0,1,11_GY0RX
20241009,1,1,0,1,1301_GY0RX
20241010,1,1,0,1,11_GY0RX
20241010,1,1,0,1,1401_GY0RX
20241011,1,1,0,1,11_GY0RX
20241011,1,1,0,1,1501_GY0RX
20241012,2,1,0,1,1601_GY0RX
20241012,2,1,0,1,21_GY0RX
20241013,3,1,0,1,1701_GY0RX
20241013,3,1,0,1,31_GY0RX
20241014,1,1,0,1,11_GY0RX
20241014,1,1,0,1,1101_GY0RX
20241015,1,1,0,1,11_GY0RX
20241015,1,1,0,1,1201_GY0RX
20241016,1,1,0,1,11_GY0RX
20241016,1,1,0,1,1301_GY0RX
20241017,1,1,0,1,11_GY0RX
20241017,1,1,0,1,1401_GY0RX
20241018,1,1,0,1,11_GY0RX
20241018,1,1,0,1,1501_GY0RX
20241019,2,1,0,1,1601_GY0RX
20241019,2,1,0,1,21_GY0RX
20241020,3,1,0,1,1701_GY0RX
20241020,3,1,0,1,31_GY0RX
20241021,1,1,0,1,11_GY0RX
20241021,1,1,0,1,1101_GY0RX
20241022,1,1,0,1,11_GY0RX
20241022,1,1,0,1,1201_GY0RX
20241023,1,1,0,1,11_GY0RX
20241023,1,1,0,1,1301_GY0RX
20241024,1,1,0,1,11_GY0RX
20241024,1,1,0,1,1401_GY0RX
20241025,1,1,0,1,11_GY0RX
20241025,1,1,0,1,1501_GY0RX
20241026,2,1,0,1,1601_GY0RX
20241026,2,1,0,1,21_GY0RX
20241027,3,1,0,1,1701_GY0RX
20241027,3,1,0,1,31_GY0RX
20241028,1,1,0,1,11_GY0RX
20241028,1,1,0,1,1101_GY0RX
20241029,1,1,0,1,11_GY0RX
20241029,1,1,0,1,1201_GY0RX
20241030,1,1,0,1,11_GY0RX
20241030,1,1,0,1,1301_GY0RX
20241031,1,1,0,1,11_GY0RX
20241031,1,1,0,1,1401_GY0RX
20241101,3,1,1,1,1511_GY0RX
20241101,3,1,1,1,31_GY0RX
20241102,2,1,0,1,1601_GY0RX
20241102,2,1,0,1,21_GY0RX
20241103,3,1,0,1,1701_GY0RX
20241103,3,1,0,1,31_GY0RX
20241104,1,1,0,1,11_GY0RX
20241104,1,1,0,1,1101_GY0RX
20241105,1,1,0,1,11_GY0RX
20241105,1,1,0,1,1201_GY0RX
20241106,1,1,0,1,11_GY0RX
20241106,1,1,0,1,1301_GY0RX
20241107,1,1,0,1,11_GY0RX
20241107,1,1,0,1,1401_GY0RX
20241108,1,1,0,1,11_GY0RX
20241108,1,1,0,1,1501_GY0RX
20241109,2,1,0,1,1601_GY0RX
20241109,2,1,0,1,21_GY0RX
20241110,3,1,0,1,1701_GY0RX
20241110,3,1,0,1,31_GY0RX
20241111,1,1,0,1,11_GY0RX
20241111,1,1,0,1,1101_GY0RX
20241112,1,1,0,1,11_GY0RX
20241112,1,1,0,1,1201_GY0RX
20241113,1,1,0,1,11_GY0RX
20241113,1,1,0,1,1301_GY0RX
20241114,1,1,0,1,11_GY0RX
20241114,1,1,0,1,1401_GY0RX
20241115,1,1,0,1,11_GY0RX
20241115,1,1,0,1,1501_GY0RX
20241116,2,1,0,1,1601_GY0RX
20241116,2,1,0,1,21_GY0RX
20241117,3,1,0,1,1701_GY0RX
20241117,3,1,0,1,31_GY0RX
20241118,1,1,0,1,11_GY0RX
20241118,1,1,0,1,1101_GY0RX
20241119,1,1,0,1,11_GY0RX
20241119,1,1,0,1,1201_GY0RX
20241120,1,1,0,1,11_GY0RX
20241120,1,1,0,1,1301_GY0RX
20241121,1,1,0,1,11_GY0RX
20241121,1,1,0,1,1401_GY0RX
20241122,1,1,0,1,11_GY0RX
20241122,1,1,0,1,1501_GY0RX
20241123,2,1,0,1,1601_GY0RX
20241123,2,1,0,1,21_GY0RX
20241124,3,1,0,1,1701_GY0RX
20241124,3,1,0,1,31_GY0RX
20241125,1,1,0,1,11_GY0RX
20241125,1,1,0,1,1101_GY0RX
20241126,1,1,0,1,11_GY0RX
20241126,1,1,0,1,1201_GY0RX
20241127,1,1,0,1,11_GY0RX
20241127,1,1,0,1,1301_GY0RX
20241128,1,1,0,1,11_GY0RX
20241128,1,1,0,1,1401_GY0RX
20241129,1,1,0,1,11_GY0RX
20241129,1,1,0,1,1501_GY0RX
20241130,2,1,0,1,1601_GY0RX
20241130,2,1,0,1,21_GY0RX
20241201,3,1,1,1,1711_GY0RX
20241201,3,1,1,1,31_GY0RX
20241202,1,1,0,1,11_GY0RX
20241202,1,1,0,1,1101_GY0RX
20241203,1,1,0,1,11_GY0RX
20241203,1,1,0,1,1201_GY0RX
20241204,1,1,0,1,11_GY0RX
20241204,1,1,0,1,1301_GY0RX
20241205,1,1,0,1,11_GY0RX
20241205,1,1,0,1,1401_GY0RX
20241206,1,1,0,1,11_GY0RX
20241206,1,1,0,1,1501_GY0RX
20241207,2,1,0,1,1601_GY0RX
20241207,2,1,0,1,21_GY0RX
20241208,3,1,1,1,1711_GY0RX
20241208,3,1,1,1,31_GY0RX
20241209,1,1,0,1,11_GY0RX
20241209,1,1,0,1,1101_GY0RX
20241210,1,1,0,1,11_GY0RX
20241210,1,1,0,1,1201_GY0RX
20241211,1,1,0,1,11_GY0RX
20241211,1,1,0,1,1301_GY0RX
20241212,1,1,0,1,11_GY0RX
20241212,1,1,0,1,1401_GY0RX
20241213,1,1,0,1,11_GY0RX
20241213,1,1,0,1,1501_GY0RX
20241214,2,1,0,1,1601_GY0RX
20241214,2,1,0,1,21_GY0RX
20241215,3,1,0,1,1701_GY0RX
20241215,3,1,0,1,31_GY0RX
20241216,1,1,0,1,11_GY0RX
20241216,1,1,0,1,1101_GY0RX
20241217,1,1,0,1,11_GY0RX
20241217,1,1,0,1,1201_GY0RX
20241218,1,1,0,1,11_GY0RX
20241218,1,1,0,1,1301_GY0RX
20241219,1,1,0,1,11_GY0RX
20241219,1,1,0,1,1401_GY0RX
20241220,1,1,0,1,11_GY0RX
20241220,1,1,0,1,1501_GY0RX
20241221,2,1,0,2,1602_GY0RX
20241221,2,1,0,2,22_GY0RX
20241222,3,1,0,2,1702_GY0RX
20241222,3,1,0,2,32_GY0RX
20241223,1,1,0,2,1102_GY0RX
20241223,1,1,0,2,12_GY0RX
20241224,1,1,0,2,12_GY0RX
20241224,1,1,0,2,1202_GY0RX
20241225,3,1,1,2,1312_GY0RX
20241225,3,1,1,2,32_GY0RX
20241226,1,1,0,2,12_GY0RX
20241226,1,1,0,2,1402_GY0RX
20241227,1,1,0,2,12_GY0RX
20241227,1,1,0,2,1502_GY0RX
20241228,2,1,0,2,1602_GY0RX
20241228,2,1,0,2,22_GY0RX
20241229,3,1,0,2,1702_GY0RX
20241229,3,1,0,2,32_GY0RX
20241230,1,1,0,2,1102_GY0RX
20241230,1,1,0,2,12_GY0RX
20241231,1,1,0,2,12_GY0RX
20241231,1,1,0,2,1202_GY0RX
20240701,1,1,0,3,VER_DU_0PCJV
20240702,1,1,0,3,VER_DU_0PCJV
20240703,1,1,0,3,VER_DU_0PCJV
20240704,1,1,0,3,VER_DU_0PCJV
20240705,1,1,0,3,SUMOL_0PCJV
20240705,1,1,0,3,VER_DU_0PCJV
20240706,2,1,0,3,VER_SAB_0PCJV
20240706,2,1,0,3,SUMOL_0PCJV
20240707,3,1,0,3,VER_DOM_0PCJV
20240707,3,1,0,3,VER_DOM1_0PCJV
20240708,1,1,0,3,VER_DU_0PCJV
20240709,1,1,0,3,VER_DU_0PCJV
20240710,1,1,0,3,VER_DU_0PCJV
20240711,1,1,0,3,VER_DU_0PCJV
20240712,1,1,0,3,VER_DU_0PCJV
20240713,2,1,0,3,VER_SAB_0PCJV
20240714,3,1,0,3,VER_DOM_0PCJV
20240715,1,1,0,3,VER_DU_0PCJV
20240716,1,1,0,3,VER_DU_0PCJV
20240717,1,1,0,3,VER_DU_0PCJV
20240718,1,1,0,3,VER_DU_0PCJV
20240718,3,1,1,3,SBSR_0PCJV
20240719,1,1,0,3,VER_DU_0PCJV
20240719,3,1,1,3,SBSR_0PCJV
20240720,2,1,0,3,VER_SAB_0PCJV
20240720,3,1,1,3,SBSR_0PCJV
20240721,3,1,0,3,VER_DOM_0PCJV
20240722,1,1,0,3,VER_DU_0PCJV
20240723,1,1,0,3,VER_DU_0PCJV
20240724,1,1,0,3,VER_DU_0PCJV
20240725,1,1,0,3,VER_DU_0PCJV
20240726,1,1,0,3,VER_DU_0PCJV
20240727,2,1,0,3,VER_SAB_0PCJV
20240728,3,1,0,3,VER_DOM_0PCJV
20240729,1,1,0,3,VER_DU_0PCJV
20240730,1,1,0,3,VER_DU_0PCJV
20240731,1,1,0,3,VER_DU_0PCJV
20240801,1,1,0,3,VER_DU_0PCJV
20240802,1,1,0,3,VER_DU_0PCJV
20240803,2,1,0,3,VER_SAB_0PCJV
20240804,3,1,0,3,VER_DOM_0PCJV
20240804,3,1,0,3,VER_DOM1_0PCJV
20240805,1,1,0,3,VER_DU_0PCJV
20240806,1,1,0,3,VER_DU_0PCJV
20240807,1,1,0,3,VER_DU_0PCJV
20240808,1,1,0,3,VER_DU_0PCJV
20240809,1,1,0,3,VER_DU_0PCJV
20240810,2,1,0,3,VER_SAB_0PCJV
20240811,3,1,0,3,VER_DOM_0PCJV
20240812,1,1,0,3,VER_DU_0PCJV
20240813,1,1,0,3,VER_DU_0PCJV
20240814,1,1,0,3,VER_DU_0PCJV
20240815,3,1,1,3,VER_DOM_0PCJV
20240815,3,1,1,3,SOL15_0PCJV
20240816,1,1,0,3,VER_DU_0PCJV
20240816,1,1,0,3,SOL16_0PCJV
20240817,2,1,0,3,VER_SAB_0PCJV
20240817,2,1,0,3,SOL17_0PCJV
20240818,3,1,0,3,VER_DOM_0PCJV
20240818,3,1,0,3,SOL18_0PCJV
20240819,1,1,0,3,VER_DU_0PCJV
20240820,1,1,0,3,VER_DU_0PCJV
20240821,1,1,0,3,VER_DU_0PCJV
20240822,1,1,0,3,VER_DU_0PCJV
20240823,1,1,0,3,VER_DU_0PCJV
20240824,2,1,0,3,VER_SAB_0PCJV
20240825,3,1,0,3,VER_DOM_0PCJV
20240826,1,1,0,3,VER_DU_0PCJV
20240827,1,1,0,3,VER_DU_0PCJV
20240828,1,1,0,3,VER_DU_0PCJV
20240829,1,1,0,3,VER_DU_0PCJV
20240830,1,1,0,3,VER_DU_0PCJV
20240831,2,1,0,3,VER_SAB_0PCJV
20240901,3,1,0,3,VER_DOM_0PCJV
20240901,3,1,0,3,VER_DOM1_0PCJV
20240902,1,1,0,2,FER_DU_0PCJV
20240902,1,1,0,1,3223_0PCJV
20240903,1,1,0,2,FER_DU_0PCJV
20240903,1,1,0,1,3223_0PCJV
20240904,1,1,0,2,FER_DU_0PCJV
20240904,1,1,0,1,3223_0PCJV
20240905,1,1,0,2,FER_DU_0PCJV
20240905,1,1,0,1,3223_0PCJV
20240906,1,1,0,2,AVT06_0PCJV
20240906,1,1,0,2,FER_DU_0PCJV
20240906,1,1,0,1,3223_0PCJV
20240907,2,1,0,2,AVT07_0PCJV
20240907,2,1,0,2,FER_SAB_0PCJV
20240907,2,1,0,1,3223_0PCJV
20240908,3,1,0,2,AVT08_0PCJV
20240908,3,1,0,2,FER_DOM_0PCJV
20240908,3,1,0,1,3223_0PCJV
20240909,1,1,0,1,3223_0PCJV
20240909,1,1,0,1,ESC_DU_0PCJV
20240910,1,1,0,1,3223_0PCJV
20240910,1,1,0,1,ESC_DU_0PCJV
20240911,1,1,0,1,3223_0PCJV
20240911,1,1,0,1,ESC_DU_0PCJV
20240912,1,1,0,1,3223_0PCJV
20240912,1,1,0,1,ESC_DU_0PCJV
20240913,1,1,0,1,BG3009_0PCJV
20240913,1,1,0,1,3223_0PCJV
20240913,1,1,0,1,ESC_DU_0PCJV
20240914,2,1,0,1,3223_0PCJV
20240914,2,1,0,1,ESC_SAB_0PCJV
20240915,3,1,0,1,3223_0PCJV
20240915,3,1,0,1,ESC_DOM_0PCJV
20240916,1,1,0,1,ESC_DU_0PCJV
20240917,1,1,0,1,ESC_DU_0PCJV
20240918,1,1,0,1,ESC_DU_0PCJV
20240919,1,1,0,1,ESC_DU_0PCJV
20240920,1,1,0,1,ESC_DU_0PCJV
20240921,2,1,0,1,ESC_SAB_0PCJV
20240922,3,1,0,1,ESC_DOM_0PCJV
20240923,1,1,0,1,ESC_DU_0PCJV
20240924,1,1,0,1,ESC_DU_0PCJV
20240925,1,1,0,1,ESC_DU_0PCJV
20240926,1,1,0,1,ESC_DU_0PCJV
20240927,1,1,0,1,TCP3009_0PCJV
20240927,1,1,0,1,ESC_DU_0PCJV
20240928,2,1,0,1,ESC_SAB_0PCJV
20240929,3,1,0,1,ESC_DOM_0PCJV
20240930,1,1,0,1,ESC_DU_0PCJV
20241001,1,1,0,1,ESC_DU_0PCJV
20241002,1,1,0,1,ESC_DU_0PCJV
20241003,1,1,0,1,ESC_DU_0PCJV
20241004,1,1,0,1,ESC_DU_0PCJV
20241005,3,1,1,1,ESC_DOM_0PCJV
20241006,3,1,0,1,ESC_DOM_0PCJV
20241006,3,1,0,1,ESC_DOM1_0PCJV
20241007,1,1,0,1,ESC_DU_0PCJV
20241008,1,1,0,1,ESC_DU_0PCJV
20241009,1,1,0,1,ESC_DU_0PCJV
20241010,1,1,0,1,ESC_DU_0PCJV
20241011,1,1,0,1,ESC_DU_0PCJV
20241012,2,1,0,1,ESC_SAB_0PCJV
20241013,3,1,0,1,ESC_DOM_0PCJV
20241014,1,1,0,1,ESC_DU_0PCJV
20241015,1,1,0,1,ESC_DU_0PCJV
20241016,1,1,0,1,ESC_DU_0PCJV
20241017,1,1,0,1,ESC_DU_0PCJV
20241018,1,1,0,1,ESC_DU_0PCJV
20241019,2,1,0,1,ESC_SAB_0PCJV
20241020,3,1,0,1,ESC_DOM_0PCJV
20241021,1,1,0,1,ESC_DU_0PCJV
20241022,1,1,0,1,ESC_DU_0PCJV
20241023,1,1,0,1,ESC_DU_0PCJV
20241024,1,1,0,1,ESC_DU_0PCJV
20241025,1,1,0,1,ESC_DU_0PCJV
20241026,2,1,0,1,ESC_SAB_0PCJV
20241027,3,1,0,1,ESC_DOM_0PCJV
20241028,1,1,0,1,ESC_DU_0PCJV
20241029,1,1,0,1,ESC_DU_0PCJV
20241030,1,1,0,1,ESC_DU_0PCJV
20241031,1,1,0,1,ESC_DU_0PCJV
20241101,3,1,1,1,ESC_DOM_0PCJV
20241102,2,1,0,1,ESC_SAB_0PCJV
20241103,3,1,0,1,ESC_DOM_0PCJV
20241103,3,1,0,1,ESC_DOM1_0PCJV
20241104,1,1,0,1,ESC_DU_0PCJV
20241105,1,1,0,1,ESC_DU_0PCJV
20241106,1,1,0,1,ESC_DU_0PCJV
20241107,1,1,0,1,ESC_DU_0PCJV
20241108,1,1,0,1,ESC_DU_0PCJV
20241109,2,1,0,1,ESC_SAB_0PCJV
20241110,3,1,0,1,ESC_DOM_0PCJV
20241111,1,1,0,1,ESC_DU_0PCJV
20241112,1,1,0,1,ESC_DU_0PCJV
20241113,1,1,0,1,ESC_DU_0PCJV
20241114,1,1,0,1,ESC_DU_0PCJV
20241115,1,1,0,1,ESC_DU_0PCJV
20241116,2,1,0,1,ESC_SAB_0PCJV
20241117,3,1,0,1,ESC_DOM_0PCJV
20241118,1,1,0,1,ESC_DU_0PCJV
20241119,1,1,0,1,ESC_DU_0PCJV
20241120,1,1,0,1,ESC_DU_0PCJV
20241121,1,1,0,1,ESC_DU_0PCJV
20241122,1,1,0,1,ESC_DU_0PCJV
20241123,2,1,0,1,ESC_SAB_0PCJV
20241124,3,1,0,1,ESC_DOM_0PCJV
20241125,1,1,0,1,ESC_DU_0PCJV
20241126,1,1,0,1,ESC_DU_0PCJV
20241127,1,1,0,1,ESC_DU_0PCJV
20241128,1,1,0,1,ESC_DU_0PCJV
20241129,1,1,0,1,ESC_DU_0PCJV
20241130,2,1,0,1,ESC_SAB_0PCJV
20241201,3,1,0,1,ESC_DOM_0PCJV
20241201,3,1,0,1,ESC_DOM1_0PCJV
20241202,1,1,0,1,ESC_DU_0PCJV
20241203,1,1,0,1,ESC_DU_0PCJV
20241204,1,1,0,1,ESC_DU_0PCJV
20241205,1,1,0,1,ESC_DU_0PCJV
20241206,1,1,0,1,ESC_DU_0PCJV
20241207,2,1,0,1,ESC_SAB_0PCJV
20241208,3,1,1,1,ESC_DOM_0PCJV
20241209,1,1,0,1,ESC_DU_0PCJV
20241210,1,1,0,1,ESC_DU_0PCJV
20241211,1,1,0,1,ESC_DU_0PCJV
20241212,1,1,0,1,ESC_DU_0PCJV
20241213,1,1,0,1,ESC_DU_0PCJV
20241214,2,1,0,1,ESC_SAB_0PCJV
20241215,3,1,0,1,ESC_DOM_0PCJV
20241216,1,1,0,1,ESC_DU_0PCJV
20241217,1,1,0,1,ESC_DU_0PCJV
20241218,1,1,0,1,ESC_DU_0PCJV
20241219,1,1,0,1,ESC_DU_0PCJV
20241220,1,1,0,1,ESC_DU_0PCJV
20241221,2,1,0,2,FER_SAB_0PCJV
20241222,3,1,0,2,FER_DOM_0PCJV
20241223,1,1,0,2,FER_DU_0PCJV
20241224,1,1,0,2,FER_DU_0PCJV
20241225,3,1,1,2,F25DEZ_0PCJV
20241226,1,1,0,2,FER_DU_0PCJV
20241227,1,1,0,2,FER_DU_0PCJV
20241228,2,1,0,2,FER_SAB_0PCJV
20241229,3,1,0,2,FER_DOM_0PCJV
20241230,1,1,0,2,FER_DU_0PCJV
20241231,1,1,0,2,FER_DU_0PCJV
20250101,3,1,1,2,F01JAN_0PCJV
20250102,1,1,0,2,FER_DU_0PCJV
20250103,1,1,0,1,ESC_DU_0PCJV
20250104,2,1,0,1,ESC_SAB_0PCJV
20250105,3,1,0,1,ESC_DOM_0PCJV
20250105,3,1,0,1,ESC_DOM1_0PCJV
20250106,1,1,0,1,ESC_DU_0PCJV
20250107,1,1,0,1,ESC_DU_0PCJV
20250108,1,1,0,1,ESC_DU_0PCJV
20250109,1,1,0,1,ESC_DU_0PCJV
20250110,1,1,0,1,ESC_DU_0PCJV
20250111,2,1,0,1,ESC_SAB_0PCJV
20250112,3,1,0,1,ESC_DOM_0PCJV
20250113,1,1,0,1,ESC_DU_0PCJV
20250114,1,1,0,1,ESC_DU_0PCJV
20250115,1,1,0,1,ESC_DU_0PCJV
20250116,1,1,0,1,ESC_DU_0PCJV
20250117,1,1,0,1,ESC_DU_0PCJV
20250118,2,1,0,1,ESC_SAB_0PCJV
20250119,3,1,0,1,ESC_DOM_0PCJV
20250120,1,1,0,1,ESC_DU_0PCJV
20250121,1,1,0,1,ESC_DU_0PCJV
20250122,1,1,0,1,ESC_DU_0PCJV
20250123,1,1,0,1,ESC_DU_0PCJV
20250124,1,1,0,1,ESC_DU_0PCJV
20250125,2,1,0,1,ESC_SAB_0PCJV
20250126,3,1,0,1,ESC_DOM_0PCJV
20250127,1,1,0,1,ESC_DU_0PCJV
20250128,1,1,0,1,ESC_DU_0PCJV
20250129,1,1,0,1,ESC_DU_0PCJV
20250130,1,1,0,1,ESC_DU_0PCJV
20250131,1,1,0,1,ESC_DU_0PCJV
20250201,2,1,0,1,ESC_SAB_0PCJV
20250202,3,1,0,1,ESC_DOM_0PCJV
20250202,3,1,0,1,ESC_DOM1_0PCJV
20250203,1,1,0,1,ESC_DU_0PCJV
20250204,1,1,0,1,ESC_DU_0PCJV
20250205,1,1,0,1,ESC_DU_0PCJV
20250206,1,1,0,1,ESC_DU_0PCJV
20250207,1,1,0,1,ESC_DU_0PCJV
20250208,2,1,0,1,ESC_SAB_0PCJV
20250209,3,1,0,1,ESC_DOM_0PCJV
20250210,1,1,0,1,ESC_DU_0PCJV
20250211,1,1,0,1,ESC_DU_0PCJV
20250212,1,1,0,2,FER_DU_0PCJV
20250213,1,1,0,2,FER_DU_0PCJV
20250214,1,1,0,2,FER_DU_0PCJV
20250215,2,1,0,1,ESC_SAB_0PCJV
20250216,3,1,0,1,ESC_DOM_0PCJV
20250217,1,1,0,1,ESC_DU_0PCJV
20250218,1,1,0,1,ESC_DU_0PCJV
20250219,1,1,0,1,ESC_DU_0PCJV
20250220,1,1,0,1,ESC_DU_0PCJV
20250221,1,1,0,1,ESC_DU_0PCJV
20250222,2,1,0,1,ESC_SAB_0PCJV
20250223,3,1,0,1,ESC_DOM_0PCJV
20250224,1,1,0,1,ESC_DU_0PCJV
20250225,1,1,0,1,ESC_DU_0PCJV
20250226,1,1,0,1,ESC_DU_0PCJV
20250227,1,1,0,1,ESC_DU_0PCJV
20250228,1,1,0,1,ESC_DU_0PCJV
20250301,2,1,0,1,ESC_SAB_0PCJV
20250302,3,1,0,1,ESC_DOM_0PCJV
20250302,3,1,0,1,ESC_DOM1_0PCJV
20250303,1,1,0,2,FER_DU_0PCJV
20250304,1,1,0,2,FER_DU_0PCJV
20250305,1,1,0,1,ESC_DU_0PCJV
20250306,1,1,0,1,ESC_DU_0PCJV
20250307,1,1,0,1,ESC_DU_0PCJV
20250308,2,1,0,1,ESC_SAB_0PCJV
20250309,3,1,0,1,ESC_DOM_0PCJV
20250310,1,1,0,1,ESC_DU_0PCJV
20250311,1,1,0,1,ESC_DU_0PCJV
20250312,1,1,0,1,ESC_DU_0PCJV
20250313,1,1,0,1,ESC_DU_0PCJV
20250314,1,1,0,1,ESC_DU_0PCJV
20250315,2,1,0,1,ESC_SAB_0PCJV
20250316,3,1,0,1,ESC_DOM_0PCJV
20250317,1,1,0,1,ESC_DU_0PCJV
20250318,1,1,0,1,ESC_DU_0PCJV
20250319,1,1,0,1,ESC_DU_0PCJV
20250320,1,1,0,1,ESC_DU_0PCJV
20250321,1,1,0,1,ESC_DU_0PCJV
20250322,2,1,0,1,ESC_SAB_0PCJV
20250323,3,1,0,1,ESC_DOM_0PCJV
20250324,1,1,0,1,ESC_DU_0PCJV
20250325,1,1,0,1,ESC_DU_0PCJV
20250326,1,1,0,1,ESC_DU_0PCJV
20250327,1,1,0,1,ESC_DU_0PCJV
20250328,1,1,0,1,ESC_DU_0PCJV
20250329,2,1,0,1,ESC_SAB_0PCJV
20250330,3,1,0,1,ESC_DOM_0PCJV
20250331,1,1,0,1,ESC_DU_0PCJV
20250401,1,1,0,1,ESC_DU_0PCJV
20250402,1,1,0,1,ESC_DU_0PCJV
20250403,1,1,0,1,ESC_DU_0PCJV
20250404,1,1,0,1,ESC_DU_0PCJV
20250405,2,1,0,1,ESC_SAB_0PCJV
20250406,3,1,0,1,ESC_DOM_0PCJV
20250406,3,1,0,1,ESC_DOM1_0PCJV
20250407,1,1,0,1,ESC_DU_0PCJV
20250408,1,1,0,1,ESC_DU_0PCJV
20250409,1,1,0,1,ESC_DU_0PCJV
20250410,1,1,0,1,ESC_DU_0PCJV
20250411,1,1,0,1,ESC_DU_0PCJV
20250412,2,1,0,1,ESC_SAB_0PCJV
20250413,3,1,0,1,ESC_DOM_0PCJV
20250414,1,1,0,1,ESC_DU_0PCJV
20250415,1,1,0,1,ESC_DU_0PCJV
20250416,1,1,0,1,ESC_DU_0PCJV
20250417,1,1,0,2,FER_DU_0PCJV
20250418,3,1,1,2,FER_DOM_0PCJV
20250419,2,1,0,2,FER_SAB_0PCJV
20250420,3,1,1,2,FER_DOM_0PCJV
20250421,1,1,0,2,FER_DU_0PCJV
20250422,1,1,0,2,FER_DU_0PCJV
20250423,1,1,0,1,ESC_DU_0PCJV
20250424,1,1,0,1,ESC_DU_0PCJV
20250425,3,1,1,1,ESC_DOM_0PCJV
20250426,2,1,0,1,ESC_SAB_0PCJV
20250427,3,1,0,1,ESC_DOM_0PCJV
20250428,1,1,0,1,ESC_DU_0PCJV
20250429,1,1,0,1,ESC_DU_0PCJV
20250430,1,1,0,1,ESC_DU_0PCJV
20250501,3,1,1,1,ESC_DOM_0PCJV
20250502,1,1,0,1,ESC_DU_0PCJV
20250503,2,1,0,1,ESC_SAB_0PCJV
20250504,3,1,0,1,ESC_DOM_0PCJV
20250504,3,1,0,1,ESC_DOM1_0PCJV
20250505,1,1,0,1,ESC_DU_0PCJV
20250506,1,1,0,1,ESC_DU_0PCJV
20250507,1,1,0,1,ESC_DU_0PCJV
20250508,1,1,0,1,ESC_DU_0PCJV
20250509,1,1,0,1,ESC_DU_0PCJV
20250510,2,1,0,1,ESC_SAB_0PCJV
20250511,3,1,0,1,ESC_DOM_0PCJV
20250512,1,1,0,1,ESC_DU_0PCJV
20250513,1,1,0,1,ESC_DU_0PCJV
20250514,1,1,0,1,ESC_DU_0PCJV
20250515,1,1,0,1,ESC_DU_0PCJV
20250516,1,1,0,1,ESC_DU_0PCJV
20250517,2,1,0,1,ESC_SAB_0PCJV
20250518,3,1,0,1,ESC_DOM_0PCJV
20250519,1,1,0,1,ESC_DU_0PCJV
20250520,1,1,0,1,ESC_DU_0PCJV
20250521,1,1,0,1,ESC_DU_0PCJV
20250522,1,1,0,1,ESC_DU_0PCJV
20250523,1,1,0,1,ESC_DU_0PCJV
20250524,2,1,0,1,ESC_SAB_0PCJV
20250525,3,1,0,1,ESC_DOM_0PCJV
20250526,1,1,0,1,ESC_DU_0PCJV
20250527,1,1,0,1,ESC_DU_0PCJV
20250528,1,1,0,1,ESC_DU_0PCJV
20250529,1,1,0,1,ESC_DU_0PCJV
20250530,1,1,0,1,ESC_DU_0PCJV
20250531,2,1,0,1,ESC_SAB_0PCJV
20250601,3,1,0,1,ESC_DOM1_0PCJV
20250601,3,1,0,1,ESC_DOM_0PCJV
20250602,1,1,0,1,ESC_DU_0PCJV
20250603,1,1,0,1,ESC_DU_0PCJV
20250604,1,1,0,1,ESC_DU_0PCJV
20250605,1,1,0,1,ESC_DU_0PCJV
20250606,1,1,0,1,ESC_DU_0PCJV
20250607,2,1,0,1,ESC_SAB_0PCJV
20250608,3,1,0,1,ESC_DOM_0PCJV
20250609,1,1,0,1,ESC_DU_0PCJV
20250610,3,1,1,1,ESC_DOM_0PCJV
20250611,1,1,0,1,ESC_DU_0PCJV
20250612,1,1,0,1,ESC_DU_0PCJV
20250613,1,1,0,1,ESC_DU_0PCJV
20250614,2,1,0,1,ESC_SAB_0PCJV
20250615,3,1,0,1,3223_0PCJV
20250615,3,1,0,1,ESC_DOM_0PCJV
20250616,1,1,0,1,3223_0PCJV
20250616,1,1,0,1,ESC_DU_0PCJV
20250617,1,1,0,1,3223_0PCJV
20250617,1,1,0,1,ESC_DU_0PCJV
20250618,1,1,0,1,3223_0PCJV
20250618,1,1,0,1,ESC_DU_0PCJV
20250619,3,1,1,1,ESC_DOM_0PCJV
20250619,3,1,1,1,3223_0PCJV
20250620,1,1,0,1,3223_0PCJV
20250620,1,1,0,1,ESC_DU_0PCJV
20250621,2,1,0,1,3223_0PCJV
20250621,2,1,0,1,ESC_SAB_0PCJV
20250622,3,1,0,1,3223_0PCJV
20250622,3,1,0,1,ESC_DOM_0PCJV
20250623,1,1,0,1,3223_0PCJV
20250623,1,1,0,1,ESC_DU_0PCJV
20250624,1,1,0,1,3223_0PCJV
20250624,1,1,0,1,ESC_DU_0PCJV
20250625,1,1,0,1,3223_0PCJV
20250625,1,1,0,1,ESC_DU_0PCJV
20250626,1,1,0,1,3223_0PCJV
20250626,1,1,0,1,ESC_DU_0PCJV
20250627,1,1,0,1,3223_0PCJV
20250627,1,1,0,1,ESC_DU_0PCJV
20250628,2,1,0,1,3223_0PCJV
20250628,2,1,0,1,ESC_SAB_0PCJV
20250629,3,1,0,1,3223_0PCJV
20250629,3,1,0,1,ESC_DOM_0PCJV
20250630,1,1,0,1,3223_0PCJV
20250630,1,1,0,1,ESC_DU_0PCJV
20241209,1,1,0,1,3900_24UH5
20241223,1,1,0,2,5300_24UH5
20241207,2,1,0,1,3700_24UH5
20241112,1,1,0,1,1200_24UH5
20241212,1,1,0,1,4200_24UH5
20241101,3,1,1,1,100_24UH5
20241201,3,1,1,1,3100_24UH5
20241104,1,1,0,1,400_24UH5
20241215,3,1,0,1,4500_24UH5
20241203,1,1,0,1,3300_24UH5
20241226,1,1,0,2,5600_24UH5
20241129,1,1,0,1,2900_24UH5
20241205,1,1,0,1,3500_24UH5
20241105,1,1,0,1,500_24UH5
20241218,1,1,0,1,4800_24UH5
20241108,1,1,0,1,800_24UH5
20241116,2,1,0,1,1600_24UH5
20241222,3,1,0,2,5201_24UH5
20241127,1,1,0,1,2700_24UH5
20241125,1,1,0,1,2500_24UH5
20241119,1,1,0,1,1900_24UH5
20241231,1,1,0,2,6100_24UH5
20241216,1,1,0,1,4600_24UH5
20241220,1,1,0,1,5000_24UH5
20241113,1,1,0,1,1300_24UH5
20241228,2,1,0,2,5801_24UH5
20241229,3,1,0,2,5901_24UH5
20241109,2,1,0,1,900_24UH5
20241121,1,1,0,1,2100_24UH5
20241221,2,1,0,2,5100_24UH5
20241224,1,1,0,2,5401_24UH5
20241123,2,1,0,1,2300_24UH5
20241110,3,1,0,1,1000_24UH5
20241117,3,1,0,1,1700_24UH5
20241227,1,1,0,2,5700_24UH5
20241103,3,1,0,1,300_24UH5
20241225,3,1,1,2,5501_24UH5
20241206,1,1,0,1,3600_24UH5
20241219,1,1,0,1,4900_24UH5
20241107,1,1,0,1,700_24UH5
20241114,1,1,0,1,1400_24UH5
20241210,1,1,0,1,4000_24UH5
20241202,1,1,0,1,3200_24UH5
20241225,3,1,1,2,5500_24UH5
20241208,3,1,1,1,3800_24UH5
20241224,1,1,0,2,5400_24UH5
20241102,2,1,0,1,200_24UH5
20241130,2,1,0,1,3000_24UH5
20241128,1,1,0,1,2800_24UH5
20241213,1,1,0,1,4300_24UH5
20241204,1,1,0,1,3400_24UH5
20241118,1,1,0,1,1800_24UH5
20241106,1,1,0,1,600_24UH5
20241230,1,1,0,2,6000_24UH5
20241126,1,1,0,1,2600_24UH5
20241111,1,1,0,1,1100_24UH5
20241221,2,1,0,2,5101_24UH5
20241211,1,1,0,1,4100_24UH5
20241124,3,1,0,1,2400_24UH5
20241120,1,1,0,1,2000_24UH5
20241228,2,1,0,2,5800_24UH5
20241214,2,1,0,1,4400_24UH5
20241217,1,1,0,1,4700_24UH5
20241115,1,1,0,1,1500_24UH5
20241229,3,1,0,2,5900_24UH5
20241222,3,1,0,2,5200_24UH5
20241122,1,1,0,1,2200_24UH5